FoamFile
{
    version 2.0;
    format ascii;
    class dictionary;
    object blockMeshDict;
}

convertToMeters 0.001;

vertices
(
    (0 0 0)
    (0 0 1)
    (0 0 1.2)
    (0 0 4.2)
    (0 0 24.2)
    (0 0.5 0)
    (0 0.5 1)
    (0 0.5 1.2)
    (0 0.5 4.2)
    (0 0.5 24.2)
    (0 5 0)
    (0 5 1)
    (0 5 1.2)
    (0 5 4.2)
    (0 5 24.2)
    (0 5.5 0)
    (0 5.5 1)
    (0 5.5 1.2)
    (0 5.5 4.2)
    (0 5.5 24.2)
    (20 0 0)
    (20 0 1)
    (20 0 1.2)
    (20 0 4.2)
    (20 0 24.2)
    (20 0.5 0)
    (20 0.5 1)
    (20 0.5 1.2)
    (20 0.5 4.2)
    (20 0.5 24.2)
    (20 5 0)
    (20 5 1)
    (20 5 1.2)
    (20 5 4.2)
    (20 5 24.2)
    (20 5.5 0)
    (20 5.5 1)
    (20 5.5 1.2)
    (20 5.5 4.2)
    (20 5.5 24.2)
    (60 0 0)
    (60 0 1)
    (60 0 1.2)
    (60 0 4.2)
    (60 0 24.2)
    (60 0.5 0)
    (60 0.5 1)
    (60 0.5 1.2)
    (60 0.5 4.2)
    (60 0.5 24.2)
    (60 5 0)
    (60 5 1)
    (60 5 1.2)
    (60 5 4.2)
    (60 5 24.2)
    (60 5.5 0)
    (60 5.5 1)
    (60 5.5 1.2)
    (60 5.5 4.2)
    (60 5.5 24.2)
    (100 0 0)
    (100 0 1)
    (100 0 1.2)
    (100 0 4.2)
    (100 0 24.2)
    (100 0.5 0)
    (100 0.5 1)
    (100 0.5 1.2)
    (100 0.5 4.2)
    (100 0.5 24.2)
    (100 5 0)
    (100 5 1)
    (100 5 1.2)
    (100 5 4.2)
    (100 5 24.2)
    (100 5.5 0)
    (100 5.5 1)
    (100 5.5 1.2)
    (100 5.5 4.2)
    (100 5.5 24.2)
);

blocks
(
    hex (3 23 28 8 4 24 29 9) air (15 3 24) simpleGrading (1 1 1)
    hex (8 28 33 13 9 29 34 14) air (15 16 24) simpleGrading (1 1 1)
    hex (13 33 38 18 14 34 39 19) air (15 3 24) simpleGrading (1 1 1)
    hex (20 40 45 25 21 41 46 26) chip (40 3 3) simpleGrading (1 1 1)
    hex (21 41 46 26 22 42 47 27) TIM (40 3 2) simpleGrading (1 1 1)
    hex (22 42 47 27 23 43 48 28) heatsink (40 3 6) simpleGrading (1 1 1)
    hex (25 45 50 30 26 46 51 31) chip (40 16 3) simpleGrading (1 1 1)
    hex (26 46 51 31 27 47 52 32) TIM (40 16 2) simpleGrading (1 1 1)
    hex (27 47 52 32 28 48 53 33) heatsink (40 16 6) simpleGrading (1 1 1)
    hex (30 50 55 35 31 51 56 36) chip (40 3 3) simpleGrading (1 1 1)
    hex (31 51 56 36 32 52 57 37) TIM (40 3 2) simpleGrading (1 1 1)
    hex (32 52 57 37 33 53 58 38) heatsink (40 3 6) simpleGrading (1 1 1)
    hex (23 43 48 28 24 44 49 29) heatsink (40 3 24) simpleGrading (1 1 1)
    hex (28 48 53 33 29 49 54 34) air (40 16 24) simpleGrading (1 1 1)
    hex (33 53 58 38 34 54 59 39) heatsink (40 3 24) simpleGrading (1 1 1)
    hex (43 63 68 48 44 64 69 49) air (20 3 24) simpleGrading (1 1 1)
    hex (48 68 73 53 49 69 74 54) air (20 16 24) simpleGrading (1 1 1)
    hex (53 73 78 58 54 74 79 59) air (20 3 24) simpleGrading (1 1 1)
);

edges
(
);

defaultPatch
{
    name walls;
    type wall;
}

boundary
(
    inlet
    {
        type patch;
        faces
        (
            (3 8 9 4)
            (8 13 14 9)
            (13 18 19 14)
        );
    }
    outlet
    {
        type patch;
        faces
        (
            (63 64 69 68)
            (68 69 74 73)
            (73 74 79 78)
        );
    }
    symLeft
    {
        type symmetryPlane;
        faces
        (
            (3 4 24 23)
            (20 21 41 40)
            (21 22 42 41)
            (22 23 43 42)
            (23 24 44 43)
            (43 44 64 63)
        );
    }
    symRight
    {
        type symmetryPlane;
        faces
        (
            (18 38 39 19)
            (35 55 56 36)
            (36 56 57 37)
            (37 57 58 38)
            (38 58 59 39)
            (58 78 79 59)
        );
    }
);

mergePatchPairs
(
);

