/*--------------------------------*- C++ -*----------------------------------*\
| =========                 |                                                 |
| \\      /  F ield         | OpenFOAM: The Open Source CFD Toolbox           |
|  \\    /   O peration     | Version:  2606                                  |
|   \\  /    A nd           | Website:  www.openfoam.com                      |
|    \\/     M anipulation  |                                                 |
\*---------------------------------------------------------------------------*/
FoamFile
{
    version     2.0;
    format      ascii;
    arch        "LSB;label=32;scalar=64";
    class       vectorField;
    location    "constant/polyMesh";
    object      points;
}
// * * * * * * * * * * * * * * * * * * * * * * * * * * * * * * * * * * * * * //


100
(
(0 0 0)
(0.0005 0 0)
(0.001 0 0)
(0.0015 0 0)
(0.002 0 0)
(0.0025 0 0)
(0.003 0 0)
(0.0035 0 0)
(0.004 0 0)
(0.0045 0 0)
(0.005 0 0)
(0.0055 0 0)
(0.006 0 0)
(0.0065 0 0)
(0.007 0 0)
(0.0075 0 0)
(0.008 0 0)
(0.0085 0 0)
(0.009 0 0)
(0.0095 0 0)
(0.01 0 0)
(0 0.01 0)
(0.0005 0.01 0)
(0.001 0.01 0)
(0.0015 0.01 0)
(0.002 0.01 0)
(0.0025 0.01 0)
(0.003 0.01 0)
(0.0035 0.01 0)
(0.004 0.01 0)
(0.0045 0.01 0)
(0.005 0.01 0)
(0.0055 0.01 0)
(0.006 0.01 0)
(0.0065 0.01 0)
(0.007 0.01 0)
(0.0075 0.01 0)
(0.008 0.01 0)
(0.0085 0.01 0)
(0.009 0.01 0)
(0.0095 0.01 0)
(0.01 0.01 0)
(0 0 0.01)
(0.0005 0 0.01)
(0.001 0 0.01)
(0.0015 0 0.01)
(0.002 0 0.01)
(0.0025 0 0.01)
(0.003 0 0.01)
(0.0035 0 0.01)
(0.004 0 0.01)
(0.0045 0 0.01)
(0.005 0 0.01)
(0.0055 0 0.01)
(0.006 0 0.01)
(0.0065 0 0.01)
(0.007 0 0.01)
(0.0075 0 0.01)
(0.008 0 0.01)
(0.0085 0 0.01)
(0.009 0 0.01)
(0.0095 0 0.01)
(0.01 0 0.01)
(0 0.01 0.01)
(0.0005 0.01 0.01)
(0.001 0.01 0.01)
(0.0015 0.01 0.01)
(0.002 0.01 0.01)
(0.0025 0.01 0.01)
(0.003 0.01 0.01)
(0.0035 0.01 0.01)
(0.004 0.01 0.01)
(0.0045 0.01 0.01)
(0.005 0.01 0.01)
(0.0055 0.01 0.01)
(0.006 0.01 0.01)
(0.0065 0.01 0.01)
(0.007 0.01 0.01)
(0.0075 0.01 0.01)
(0.008 0.01 0.01)
(0.0085 0.01 0.01)
(0.009 0.01 0.01)
(0.0095 0.01 0.01)
(0.01 0.01 0.01)
(0.0105 0 0)
(0.011 0 0)
(0.0115 0 0)
(0.012 0 0)
(0.0105 0.01 0)
(0.011 0.01 0)
(0.0115 0.01 0)
(0.012 0.01 0)
(0.0105 0 0.01)
(0.011 0 0.01)
(0.0115 0 0.01)
(0.012 0 0.01)
(0.0105 0.01 0.01)
(0.011 0.01 0.01)
(0.0115 0.01 0.01)
(0.012 0.01 0.01)
)


// ************************************************************************* //
